function P_g = OpenGrip()
    P_g = [-0.75  0  0.75  -0.75  -0.75  -0.75  0.75  0.75  0.75 
                                zeros(1,9)
             0    0   0      0     0.5     1     0     0.5   1
                                ones(1,9)                         ];
end