function P_g = Brush()
%     P_g = [-0.35  0  0.35  -0.35  -0.35  -0.35  0.35  0.35  0.35 
%                                 zeros(1,9)
%              0    0   0      0     0.5     1     0     0.5   1
%                                 ones(1,9)                         ];
    P_g = [ 0   0  -0.45  0.45  -0.45 -0.45    -0.4   -0.4     -0.35     -0.35    -0.3   -0.3  -0.25   -0.25  -0.2   -0.2  -0.15   -0.15  -0.1   -0.1  -0.05   -0.05   0   0  0.05  0.05  0.1  0.1  0.15  0.15  0.2  0.2  0.25  0.25  0.3  0.3  0.35  0.35  0.4  0.4  0.45  0.45
             zeros(1,42)
            0  1.5   1.5  1.5     1.5   2.3    1.5   2.3      1.5   2.3     1.5   2.3   1.5   2.3     1.5   2.3     1.5   2.3     1.5   2.3    1.5   2.3    1.5   2.3     1.5   2.3     1.5   2.3    1.5   2.3    1.5   2.3     1.5   2.3    1.5   2.3    1.5   2.3     1.5   2.3     1.5   2.3
                               ones(1,42)                         ];
end